0.5 0.0002782
1.5 0.0004167
2.5 0.001665
3.5 0.002006
4.5 0.002503
5.5 0.003399
6.5 0.004378
7.5 0.004801
8.5 0.005582
9.5 0.006569
10.5 0.007848
11.5 0.009359
12.5 0.01108
13.5 0.01336
14.5 0.01566
15.5 0.01769
16.5 0.02047
17.5 0.0214
18.5 0.02305
19.5 0.02464
20.5 0.02661
21.5 0.03283
22.5 0.02625
23.5 0.02292
24.5 0.01988
25.5 0.01947
26.5 0.01847
27.5 0.01769
28.5 0.0173
29.5 0.01781
30.5 0.01695
31.5 0.01733
32.5 0.0167
33.5 0.01697
34.5 0.01693
35.5 0.01657
36.5 0.01791
37.5 0.01848
38.5 0.01955
39.5 0.0199
40.5 0.02083
41.5 0.02069
42.5 0.02235
43.5 0.02334
44.5 0.02636
45.5 0.02753
46.5 0.02501
47.5 0.02312
48.5 0.02092
49.5 0.01887
50.5 0.01704
51.5 0.01594
52.5 0.01539
53.5 0.01372
54.5 0.01367
55.5 0.01285
56.5 0.01177
57.5 0.01082
58.5 0.01042
59.5 0.009922
60.5 0.009318
61.5 0.008955
62.5 0.008401
63.5 0.007599
64.5 0.005545
65.5 0.004973
66.5 0.002013
67.5      0
68.5      0
69.5      0
70.5      0
71.5      0
72.5      0
73.5      0
74.5      0
75.5      0
76.5      0
77.5      0
78.5      0
79.5      0
80.5      0
81.5      0
82.5      0
83.5      0
84.5      0
85.5      0
86.5      0
87.5      0
88.5      0
89.5      0