0.5 0.0002782
1.5 0.0004167
2.5 0.001665
3.5 0.002006
4.5 0.002503
5.5 0.003399
6.5 0.004378
7.5 0.004801
8.5 0.005582
9.5 0.006569
10.5 0.007848
11.5 0.009359
12.5 0.01108
13.5 0.01336
14.5 0.01566
15.5 0.01769
16.5 0.02047
17.5 0.0214
18.5 0.02305
19.5 0.02464
20.5 0.02661
21.5 0.03259
22.5 0.02165
23.5 0.01814
24.5 0.01583
25.5 0.01585
26.5 0.01528
27.5 0.01469
28.5 0.01459
29.5 0.01526
30.5 0.01455
31.5 0.01491
32.5 0.01441
33.5 0.01465
34.5 0.01483
35.5 0.01434
36.5 0.01567
37.5 0.01635
38.5 0.01751
39.5 0.01785
40.5 0.01914
41.5 0.01925
42.5 0.02112
43.5 0.02235
44.5 0.02555
45.5 0.02691
46.5 0.02469
47.5 0.02307
48.5 0.02092
49.5 0.01887
50.5 0.01704
51.5 0.01594
52.5 0.01539
53.5 0.01372
54.5 0.01367
55.5 0.01285
56.5 0.01177
57.5 0.01082
58.5 0.01042
59.5 0.009922
60.5 0.009318
61.5 0.008956
62.5 0.008401
63.5 0.007599
64.5 0.005545
65.5 0.004973
66.5 0.002013
67.5      0
68.5      0
69.5      0
70.5      0
71.5      0
72.5      0
73.5      0
74.5      0
75.5      0
76.5      0
77.5      0
78.5      0
79.5      0
80.5      0
81.5      0
82.5      0
83.5      0
84.5      0
85.5      0
86.5      0
87.5      0
88.5      0
89.5      0